71 72 72 08 37 82 00 00 00 00 00 00 00 00 00 00
00 00 00 00 00 00 00 00 00 00 00 00 00 00 00 00
00 00 00 00 00 00 00 00 00 00 00 00 00 00 00 00
00 1E 1E 2D 01 28 1E 00 05 30 93 00 00 00 00 00
00 00 00 00 00 00 00 00 00 00 00 00 00 00 00 00
00 00 00 00 00 00 00 00 00 00 00 00 00 00 00 00
00 00 00 00 00 00 00 00 00 00 00 00 00 00 00 00
00 00 00 00 00 00 00 00 00 00 00 00 00 00 00 00
03 02 01 00 06 05 04 0F 09 08 07 0E 0C 0B 0A 0D
00 04 01 40 20 10 80 08 80 08 FE 33 01 63 7B 93
FE AB FE C4 CC FE FE E0 FE D4 C0 C2 C6 C8 CA 00
F4 DC 75 75 75 75 94 8D 99 75 BB C5 A0 5A 00 00
00 00 00 00 00 00 00 00 00 00 00 00 00 00 00 00
00 00 00 00 00 00 00 00 00 00 00 00 00 00 00 00
00 00 00 00 00 00 00 00 00 00 00 00 00 00 00 00
00 00 00 00 00 00 00 00 00 00 00 00 00 00 00 00
71 72 72 08 37 82 00 00 00 00 00 00 00 00 00 00
00 00 00 00 00 00 00 00 00 00 00 00 00 00 00 00
00 00 00 00 00 00 00 00 00 00 00 00 00 00 00 00
00 1E 1E 2D 01 28 1E 00 05 30 93 00 00 00 00 00
00 00 00 00 00 00 00 00 00 00 00 00 00 00 00 00
00 00 00 00 00 00 00 00 00 00 00 00 00 00 00 00
00 00 00 00 00 00 00 00 00 00 00 00 00 00 00 00
00 00 00 00 00 00 00 00 00 00 00 00 00 00 00 00
03 02 01 00 06 05 04 0F 09 08 07 0E 0C 0B 0A 0D
00 04 01 40 20 10 80 08 80 08 FE 33 01 63 7B 93
FE AB FE C4 CC FE FE E0 FE D4 C0 C2 C6 C8 CA 00
F4 DC 75 75 75 75 94 8D 99 75 BB C5 A0 5A 00 00
00 00 00 00 00 00 00 00 00 00 00 00 00 00 00 00
00 00 00 00 00 00 00 00 00 00 00 00 00 00 00 00
00 00 00 00 00 00 00 00 00 00 00 00 00 00 00 00
00 00 00 00 00 00 00 00 00 00 00 00 00 00 00 00
71 72 72 08 37 82 00 00 00 00 00 00 00 00 00 00
00 00 00 00 00 00 00 00 00 00 00 00 00 00 00 00
00 00 00 00 00 00 00 00 00 00 00 00 00 00 00 00
00 1E 1E 2D 01 28 1E 00 05 30 93 00 00 00 00 00
00 00 00 00 00 00 00 00 00 00 00 00 00 00 00 00
00 00 00 00 00 00 00 00 00 00 00 00 00 00 00 00
00 00 00 00 00 00 00 00 00 00 00 00 00 00 00 00
00 00 00 00 00 00 00 00 00 00 00 00 00 00 00 00
03 02 01 00 06 05 04 0F 09 08 07 0E 0C 0B 0A 0D
00 04 01 40 20 10 80 08 80 08 FE 33 01 63 7B 93
FE AB FE C4 CC FE FE E0 FE D4 C0 C2 C6 C8 CA 00
F4 DC 75 75 75 75 94 8D 99 75 BB C5 A0 5A 00 00
00 00 00 00 00 00 00 00 00 00 00 00 00 00 00 00
00 00 00 00 00 00 00 00 00 00 00 00 00 00 00 00
00 00 00 00 00 00 00 00 00 00 00 00 00 00 00 00
00 00 00 00 00 00 00 00 00 00 00 00 00 00 00 00
71 72 72 08 37 82 00 00 00 00 00 00 00 00 00 00
00 00 00 00 00 00 00 00 00 00 00 00 00 00 00 00
00 00 00 00 00 00 00 00 00 00 00 00 00 00 00 00
00 1E 1E 2D 01 28 1E 00 05 30 93 00 00 00 00 00
00 00 00 00 00 00 00 00 00 00 00 00 00 00 00 00
00 00 00 00 00 00 00 00 00 00 00 00 00 00 00 00
00 00 00 00 00 00 00 00 00 00 00 00 00 00 00 00
00 00 00 00 00 00 00 00 00 00 00 00 00 00 00 00
03 02 01 00 06 05 04 0F 09 08 07 0E 0C 0B 0A 0D
00 04 01 40 20 10 80 08 80 08 FE 33 01 63 7B 93
FE AB FE C4 CC FE FE E0 FE D4 C0 C2 C6 C8 CA 00
F4 DC 75 75 75 75 94 8D 99 75 BB C5 A0 5A 00 00
00 00 00 00 00 00 00 00 00 00 00 00 00 00 00 00
00 00 00 00 00 00 00 00 00 00 00 00 00 00 00 00
00 00 00 00 00 00 00 00 00 00 00 00 00 00 00 00
00 00 00 00 00 00 00 00 00 00 00 00 00 00 00 00
71 72 72 08 37 82 00 00 00 00 00 00 00 00 00 00
00 00 00 00 00 00 00 00 00 00 00 00 00 00 00 00
00 00 00 00 00 00 00 00 00 00 00 00 00 00 00 00
00 1E 1E 2D 01 28 1E 00 05 30 93 00 00 00 00 00
00 00 00 00 00 00 00 00 00 00 00 00 00 00 00 00
00 00 00 00 00 00 00 00 00 00 00 00 00 00 00 00
00 00 00 00 00 00 00 00 00 00 00 00 00 00 00 00
00 00 00 00 00 00 00 00 00 00 00 00 00 00 00 00
03 02 01 00 06 05 04 0F 09 08 07 0E 0C 0B 0A 0D
00 04 01 40 20 10 80 08 80 08 FE 33 01 63 7B 93
FE AB FE C4 CC FE FE E0 FE D4 C0 C2 C6 C8 CA 00
F4 DC 75 75 75 75 94 8D 99 75 BB C5 A0 5A 00 00
00 00 00 00 00 00 00 00 00 00 00 00 00 00 00 00
00 00 00 00 00 00 00 00 00 00 00 00 00 00 00 00
00 00 00 00 00 00 00 00 00 00 00 00 00 00 00 00
00 00 00 00 00 00 00 00 00 00 00 00 00 00 00 00
71 72 72 08 37 82 00 00 00 00 00 00 00 00 00 00
00 00 00 00 00 00 00 00 00 00 00 00 00 00 00 00
00 00 00 00 00 00 00 00 00 00 00 00 00 00 00 00
00 1E 1E 2D 01 28 1E 00 05 30 93 00 00 00 00 00
00 00 00 00 00 00 00 00 00 00 00 00 00 00 00 00
00 00 00 00 00 00 00 00 00 00 00 00 00 00 00 00
00 00 00 00 00 00 00 00 00 00 00 00 00 00 00 00
00 00 00 00 00 00 00 00 00 00 00 00 00 00 00 00
03 02 01 00 06 05 04 0F 09 08 07 0E 0C 0B 0A 0D
00 04 01 40 20 10 80 08 80 08 FE 33 01 63 7B 93
FE AB FE C4 CC FE FE E0 FE D4 C0 C2 C6 C8 CA 00
F4 DC 75 75 75 75 94 8D 99 75 BB C5 A0 5A 00 00
00 00 00 00 00 00 00 00 00 00 00 00 00 00 00 00
00 00 00 00 00 00 00 00 00 00 00 00 00 00 00 00
00 00 00 00 00 00 00 00 00 00 00 00 00 00 00 00
00 00 00 00 00 00 00 00 00 00 00 00 00 00 00 00
71 72 72 08 37 82 00 00 00 00 00 00 00 00 00 00
00 00 00 00 00 00 00 00 00 00 00 00 00 00 00 00
00 00 00 00 00 00 00 00 00 00 00 00 00 00 00 00
00 1E 1E 2D 01 28 1E 00 05 30 93 00 00 00 00 00
00 00 00 00 00 00 00 00 00 00 00 00 00 00 00 00
00 00 00 00 00 00 00 00 00 00 00 00 00 00 00 00
00 00 00 00 00 00 00 00 00 00 00 00 00 00 00 00
00 00 00 00 00 00 00 00 00 00 00 00 00 00 00 00
03 02 01 00 06 05 04 0F 09 08 07 0E 0C 0B 0A 0D
00 04 01 40 20 10 80 08 80 08 FE 33 01 63 7B 93
FE AB FE C4 CC FE FE E0 FE D4 C0 C2 C6 C8 CA 00
F4 DC 75 75 75 75 94 8D 99 75 BB C5 A0 5A 00 00
00 00 00 00 00 00 00 00 00 00 00 00 00 00 00 00
00 00 00 00 00 00 00 00 00 00 00 00 00 00 00 00
00 00 00 00 00 00 00 00 00 00 00 00 00 00 00 00
00 00 00 00 00 00 00 00 00 00 00 00 00 00 00 00
71 72 72 08 37 82 00 00 00 00 00 00 00 00 00 00
00 00 00 00 00 00 00 00 00 00 00 00 00 00 00 00
00 00 00 00 00 00 00 00 00 00 00 00 00 00 00 00
00 1E 1E 2D 01 28 1E 00 05 30 93 00 00 00 00 00
00 00 00 00 00 00 00 00 00 00 00 00 00 00 00 00
00 00 00 00 00 00 00 00 00 00 00 00 00 00 00 00
00 00 00 00 00 00 00 00 00 00 00 00 00 00 00 00
00 00 00 00 00 00 00 00 00 00 00 00 00 00 00 00
03 02 01 00 06 05 04 0F 09 08 07 0E 0C 0B 0A 0D
00 04 01 40 20 10 80 08 80 08 FE 33 01 63 7B 93
FE AB FE C4 CC FE FE E0 FE D4 C0 C2 C6 C8 CA 00
F4 DC 75 75 75 75 94 8D 99 75 BB C5 A0 5A 00 00
00 00 00 00 00 00 00 00 00 00 00 00 00 00 00 00
00 00 00 00 00 00 00 00 00 00 00 00 00 00 00 00
00 00 00 00 00 00 00 00 00 00 00 00 00 00 00 00
00 00 00 00 00 00 00 00 00 00 00 00 00 00 00 00