Starting...
21:51:56.622 -> 
21:51:56.622 -> 
21:51:56.622 -> 27 77 77 08 00 00 00 00 00 00 00 00 00 00 00 00 
21:51:56.622 -> 00 00 00 00 00 00 00 00 00 00 00 00 00 00 00 00 
21:51:56.622 -> 00 00 00 00 00 00 00 00 00 00 00 00 00 00 00 00 
21:51:56.655 -> 00 3C 2D 2D 05 28 1E 00 05 30 93 00 00 00 00 00 
21:51:56.655 -> 00 00 00 00 00 00 00 00 00 00 00 00 00 00 00 00 
21:51:56.655 -> 00 00 00 00 00 00 00 00 04 F5 00 51 00 00 00 00 
21:51:56.655 -> 00 00 00 00 00 00 00 00 63 00 00 00 04 00 00 00 
21:51:56.689 -> 00 00 00 00 00 00 00 00 00 00 00 00 00 00 00 00 
21:51:56.689 -> 00 00 00 00 00 00 00 00 00 00 00 00 00 00 00 00 
21:51:56.689 -> 00 00 00 00 00 00 00 00 00 00 00 00 00 00 00 00 
21:51:56.689 -> 00 00 00 00 00 00 00 00 00 00 00 00 00 00 00 00 
21:51:56.722 -> 00 00 00 00 00 00 00 00 00 00 00 00 00 00 00 00 
21:51:56.722 -> 00 00 00 00 00 00 00 00 00 00 00 00 00 00 00 00 
21:51:56.722 -> 00 00 00 00 00 00 00 00 00 00 00 00 00 00 00 00 
21:51:56.722 -> 00 00 00 00 00 00 00 00 00 00 00 00 00 00 00 00 
21:51:56.722 -> 00 00 00 00 00 00 00 00 00 00 00 00 00 00 00 00 
21:51:56.755 -> 21 55 00 19 17 00 00 00 00 00 00 00 00 00 00 00 
21:51:56.755 -> 00 00 00 00 00 00 00 00 00 00 00 00 00 00 00 00 
21:51:56.755 -> 00 00 00 00 00 00 00 00 00 00 00 00 00 00 00 00 
21:51:56.788 -> 00 00 00 00 00 00 00 00 00 00 00 00 00 00 00 00 
21:51:56.788 -> 00 00 00 00 00 00 00 00 00 00 00 00 00 00 00 00 
21:51:56.788 -> 00 00 00 00 00 00 00 00 00 00 00 00 00 00 00 00 
21:51:56.788 -> 00 00 00 00 00 00 00 00 00 00 00 00 00 00 00 00 
21:51:56.788 -> 00 00 00 00 00 00 00 00 00 00 00 00 00 00 00 00 
21:51:56.821 -> 00 00 00 00 00 00 00 00 00 00 00 00 00 00 00 00 
21:51:56.821 -> 00 00 00 00 AA 00 00 00 00 00 00 00 00 00 00 00 
21:51:56.821 -> 00 00 00 00 00 00 00 00 00 00 00 00 00 00 00 00 
21:51:56.821 -> 00 00 00 00 00 00 00 00 00 00 6A 7B 7B 00 FF 8D 
21:51:56.854 -> 20 8C A6 6F 43 46 0D 1A 0D 27 32 4F 75 88 97 25 
21:51:56.854 -> 39 72 5F 2F 1A 44 21 54 8C 38 7E FC 78 14 0A 08 
21:51:56.854 -> 05 14 1E 02 40 B4 84 4B 39 49 09 25 01 00 D4 40 
21:51:56.854 -> 09 25 50 CF 0C 25 22 86 45 00 00 00 00 00 00 00 
21:51:56.887 -> 00 00 00 00 00 00 00 00 00 00 00 00 00 00 00 00 
21:51:56.887 -> 00 00 00 00 00 00 00 00 00 00 00 00 00 00 00 00 
21:51:56.887 -> 00 00 00 00 00 00 00 00 00 00 00 00 00 00 00 00 
21:51:56.887 -> 00 00 00 00 00 00 00 00 00 00 00 00 00 00 00 00 
21:51:56.887 -> 00 00 00 00 00 00 00 00 00 00 00 00 00 00 00 00 
21:51:56.920 -> 00 00 00 00 00 00 00 00 00 00 00 00 00 00 00 00 
21:51:56.920 -> 00 00 00 00 00 00 00 00 00 00 00 00 00 00 00 00 
21:51:56.920 -> 00 00 00 00 00 00 00 00 00 00 00 00 00 00 00 00 
21:51:56.920 -> 00 00 00 00 00 00 00 00 00 00 00 00 00 00 00 00 
21:51:56.954 -> 00 00 00 00 00 00 00 00 00 00 00 00 00 00 00 00 
21:51:56.954 -> 00 00 00 00 00 00 00 00 00 00 00 00 00 00 00 00 
21:51:56.954 -> 00 00 00 00 00 00 00 00 00 00 00 00 00 00 00 00 
21:51:56.954 -> 00 00 00 00 00 00 00 00 00 00 00 00 00 00 00 00 
21:51:56.987 -> 00 00 00 00 00 00 00 00 00 00 00 00 00 00 00 00 
21:51:56.987 -> 00 00 00 00 00 00 00 00 00 00 00 00 00 00 00 00 
21:51:56.987 -> 00 00 00 00 00 00 00 00 00 00 00 00 00 00 00 00 
21:51:56.987 -> 11 AA 11 1A 11 11 11 12 11 13 11 14 11 15 11 16 
21:51:57.020 -> 11 17 11 18 11 2A 11 21 11 22 11 23 11 3A 11 31 
21:51:57.020 -> 11 32 11 33 11 36 11 37 11 38 11 4A 11 5A 11 51 
21:51:57.020 -> 11 52 11 53 11 54 11 55 11 56 11 57 11 58 11 59 
21:51:57.020 -> 11 61 13 AA 13 A1 13 A2 13 A5 13 A6 13 A9 13 2A 
21:51:57.053 -> 13 21 13 23 13 5A 13 51 13 54 13 7A 13 71 13 72 
21:51:57.053 -> 13 73 13 82 13 83 14 AA 14 A1 14 A2 14 A3 14 A4 
21:51:57.053 -> 14 A7 14 1A 14 41 15 7A 15 72 15 73 15 74 16 A1 
21:51:57.053 -> 16 A2 16 25 16 54 00 00 00 00 00 00 00 00 00 00 
21:51:57.053 -> 00 00 00 00 00 00 00 00 00 00 00 00 00 00 00 00 
21:51:57.086 -> 00 00 00 00 00 00 00 00 00 00 00 00 00 00 00 00 
21:51:57.086 -> 00 00 00 00 00 00 00 00 00 00 00 00 00 00 14 A7 
21:51:57.086 -> 14 A1 11 3A 11 1A 15 73 13 83 13 AA 13 21 13 A2 
21:51:57.086 -> 13 A1 13 73 16 25 13 83 13 51 13 A5 16 A2 11 2A 
21:51:57.119 -> 11 AA 11 1A 34 A4 34 A4 15 7A 34 AA 11 21 16 54 
21:51:57.119 -> 00 00 00 00 14 1A 13 A6 00 00 00 00 00 00 00 00 
21:51:57.119 -> 00 00 00 00 00 00 00 00 00 00 00 00 00 00 00 00 
21:51:57.119 -> 00 00 00 00 00 00 00 00 00 00 00 00 00 00 00 00 
21:51:57.152 -> 00 00 00 00 00 00 00 00 00 00 00 00 00 00 00 00 
21:51:57.152 -> 00 00 00 00 00 00 00 00 00 00 00 00 00 00 00 00 
21:51:57.152 -> 00 00 00 00 00 00 00 00 00 00 00 00 00 00 00 00 
21:51:57.152 -> 00 00 00 00 00 00 00 00 00 00 00 00 00 00 00 00 
21:51:57.152 -> 00 00 00 00 00 00 00 00 00 00 00 00 00 00 00 00 
21:51:57.185 -> 00 00 00 00 00 00 00 00 00 00 00 00 00 00 00 00 
21:51:57.185 -> 00 00 00 00 00 00 00 00 00 00 00 00 00 00 00 00 
21:51:57.185 -> 00 00 00 00 00 00 00 00 00 00 00 00 00 00 00 00 
21:51:57.185 -> 00 00 00 00 00 00 00 00 00 00 00 00 00 00 00 00 
21:51:57.235 -> 00 00 00 00 00 00 00 00 08 08 0D 0D 00 00 00 00 
21:51:57.235 -> 00 00 00 00 00 00 00 00 00 00 00 00 00 00 00 00 
21:51:57.235 -> 00 00 00 00 00 00 00 00 00 00 00 08 00 00 00 00 
21:51:57.235 -> 00 00 00 00 00 00 00 00 00 00 00 00 00 00 00 00 
21:51:57.235 -> 00 00 00 00 00 00 00 00 00 00 00 00 00 00 00 00 
21:51:57.235 -> 03 03 03 03 03 03 03 03 03 01 01 00 00 07 07 07 
21:51:57.261 -> 07 07 07 07 07 07 07 07 07 00 00 03 03 03 03 03 
21:51:57.261 -> 03 03 03 00 00 00 00 00 00 00 00 00 00 00 00 00 
21:51:57.261 -> 00 00 00 00 00 00 00 00 00 00 00 00 00 00 00 00 
21:51:57.261 -> 00 00 00 00 00 00 00 00 00 00 00 00 00 00 00 00 
21:51:57.285 -> 00 00 00 00 00 00 00 00 00 00 00 00 00 00 00 00 
21:51:57.285 -> 00 00 00 00 00 00 00 00 00 00 00 00 00 00 00 00 
21:51:57.285 -> 00 00 00 00 00 00 00 00 00 00 00 00 00 00 00 00 
21:51:57.318 -> 00 00 00 00 00 00 00 00 00 00 00 00 00 00 00 00 
21:51:57.318 -> 00 00 00 00 00 00 00 00 00 00 00 00 00 00 00 00 
21:51:57.318 -> 00 00 00 00 00 00 00 00 00 00 00 00 00 00 00 00 
21:51:57.318 -> 00 00 00 00 00 00 00 00 26 26 01 01 00 00 00 00 
21:51:57.351 -> 00 00 00 00 00 00 00 00 00 00 00 00 00 00 00 00 
21:51:57.351 -> 00 00 00 00 00 00 00 00 00 00 00 37 00 00 00 00 
21:51:57.351 -> 00 00 00 00 00 01 01 01 01 00 00 00 00 00 00 00 
21:51:57.351 -> 00 00 00 02 02 02 02 03 03 03 03 03 03 03 03 03 
21:51:57.384 -> 30 40 70 30 40 40 A0 70 30 90 90 90 90 70 30 40 
21:51:57.384 -> A0 70 30 40 A0 70 30 40 A0 90 90 70 30 40 A0 70 
21:51:57.384 -> 30 40 A0 90 90 01 01 01 01 01 01 01 01 01 01 01 
21:51:57.384 -> 01 01 01 01 01 01 01 01 01 01 01 01 01 01 01 01 
21:51:57.417 -> 01 01 01 01 01 01 01 01 01 01 01 01 01 01 01 01 
21:51:57.417 -> 01 01 01 01 01 01 01 01 01 01 01 01 01 01 01 01 
21:51:57.417 -> 01 01 01 01 01 01 01 01 01 01 01 01 01 01 01 01 
21:51:57.417 -> 01 01 01 01 01 01 01 01 01 01 01 01 01 01 01 01 
21:51:57.450 -> 01 01 01 01 01 01 01 01 01 01 01 01 01 01 01 01 
21:51:57.450 -> 01 01 01 01 01 01 01 01 01 01 01 01 01 01 01 01 
21:51:57.450 -> 01 01 01 01 01 01 01 01 01 01 01 01 01 01 01 01 
21:51:57.450 -> 01 01 01 01 01 01 01 01 90 02 A0 02 01 01 01 01 
21:51:57.450 -> 01 01 01 01 01 01 01 01 01 01 01 01 01 01 01 01 
21:51:57.483 -> 01 01 01 01 01 01 01 01 01 01 01 90 90 90 90 90 
21:51:57.483 -> 90 90 90 90 90 70 30 A0 40 90 90 90 90 90 90 90 
21:51:57.483 -> 90 90 90 70 30 40 A0 70 30 70 30 40 70 30 40 70 
21:51:57.483 -> 04 04 04 04 04 03 06 01 01 05 02 05 02 04 04 04 
21:51:57.516 -> 06 04 04 04 06 04 04 04 06 05 02 01 01 01 06 03 
21:51:57.516 -> 03 03 06 05 02 00 00 00 00 00 00 00 00 00 00 00 
21:51:57.516 -> 00 00 00 00 00 00 00 00 00 00 00 00 00 00 00 00 
21:51:57.516 -> 00 00 00 00 00 00 00 00 00 00 00 00 00 00 00 00 
21:51:57.549 -> 00 00 00 00 00 00 00 00 00 00 00 00 00 00 00 00 
21:51:57.549 -> 00 00 00 00 00 00 00 00 00 00 00 00 00 00 00 00 
21:51:57.549 -> 00 00 00 00 00 00 00 00 00 00 00 00 00 00 00 00 
21:51:57.549 -> 00 00 00 00 00 00 00 00 00 00 00 00 00 00 00 00 
21:51:57.549 -> 00 00 00 00 00 00 00 00 00 00 00 00 00 00 00 00 
21:51:57.583 -> 00 00 00 00 00 00 00 00 00 00 00 00 00 00 00 00 
21:51:57.583 -> 00 00 00 00 00 00 00 00 03 8A 03 8D 00 00 00 00 
21:51:57.583 -> 00 00 00 00 00 00 00 00 00 00 00 00 00 00 00 00 
21:51:57.583 -> 00 00 00 00 00 00 00 00 00 00 00 02 05 02 05 05 
21:51:57.616 -> 02 05 02 05 02 04 04 06 04 05 02 05 02 05 02 05 
21:51:57.616 -> 02 05 02 04 04 04 06 03 03 04 04 04 04 04 04 04 
