15:16:06.341 -> 28 28 28 08 00 00 00 00 00 00 00 00 00 00 00 00
15:16:06.341 -> 00 00 00 00 00 00 00 00 00 00 00 00 00 00 00 00
15:16:06.374 -> 00 00 00 00 00 00 00 00 00 00 00 00 00 00 00 00
15:16:06.374 -> 00 3C 2D 2D 05 28 1E 00 05 30 46 00 00 00 00 00
15:16:06.440 -> 00 00 00 00 00 00 00 00 00 00 00 00 00 00 00 00
15:16:06.474 -> 00 00 00 00 00 00 00 00 46 08 00 00 00 00 00 00
15:16:06.474 -> 00 00 00 00 00 00 00 00 00 00 00 00 00 00 00 00
15:16:06.474 -> 00 00 00 00 00 00 00 00 00 00 00 00 00 00 00 00
15:16:06.474 -> 00 00 00 00 00 00 00 00 00 00 00 00 00 00 00 00
15:16:06.474 -> 00 00 00 00 00 00 00 00 00 00 00 00 00 00 00 00
15:16:06.507 -> 00 00 00 00 00 00 00 00 00 00 00 00 00 00 00 00
15:16:06.507 -> 00 00 00 00 00 00 00 00 00 00 00 00 00 00 00 00
15:16:06.507 -> 00 00 00 00 00 00 00 00 00 00 00 00 00 00 00 00
15:16:06.507 -> 00 00 00 00 00 00 00 00 00 00 00 00 00 00 00 00
15:16:06.540 -> 00 00 00 00 00 00 00 00 00 00 00 00 00 00 00 00
15:16:06.540 -> 00 00 00 00 00 00 00 00 00 00 00 00 00 00 00 00
15:16:06.540 -> 47 47 47 00 00 00 00 00 00 00 00 00 00 00 00 00
15:16:06.540 -> 00 00 00 00 00 00 00 00 00 00 00 00 00 00 00 00
15:16:06.573 -> 00 00 00 00 00 00 00 00 00 00 00 00 00 00 00 00
15:16:06.573 -> 00 00 00 00 00 00 00 00 00 00 00 00 00 00 00 00
15:16:06.573 -> 00 00 00 00 00 00 00 00 00 00 00 00 00 00 00 00
15:16:06.573 -> 00 00 00 00 00 00 00 00 00 00 00 00 00 00 00 00
15:16:06.573 -> 00 00 00 00 00 00 00 00 00 00 00 00 00 00 00 00
15:16:06.606 -> 00 00 00 00 00 00 00 00 00 00 00 00 00 00 00 00
15:16:06.606 -> 00 00 00 00 00 00 00 00 00 00 00 00 00 00 00 00
15:16:06.606 -> 00 00 00 00 00 00 00 00 00 00 00 00 00 00 00 00
15:16:06.606 -> 00 00 00 00 00 00 00 00 00 00 00 00 00 00 00 00
15:16:06.639 -> 00 00 00 00 00 00 00 00 00 00 6A 7B 7B 00 FF 8D
15:16:06.639 -> 20 8C A6 6F 43 46 0D 1A 0D 27 32 4F 75 88 97 25
15:16:06.639 -> 39 72 5F 2F 1A 44 21 54 8C 38 7E FC 78 14 0A 08
15:16:06.639 -> 05 14 1E 02 40 B4 84 4B 39 49 09 25 01 00 D4 40
15:16:06.695 -> 09 25 50 CF 04 42 42 00 00 00 00 00 00 00 00 00
15:16:06.695 -> 00 00 00 00 00 00 00 00 00 00 00 00 00 00 00 00
15:16:06.695 -> 00 00 00 00 00 00 00 00 00 00 00 00 00 00 00 00
15:16:06.695 -> 00 00 00 00 00 00 00 00 00 00 00 00 00 00 00 00
15:16:06.695 -> 00 00 00 00 00 00 00 00 00 00 00 00 00 00 00 00
15:16:06.695 -> 00 00 00 00 00 00 00 00 00 00 00 00 00 00 00 00
15:16:06.695 -> 00 00 00 00 00 00 00 00 00 00 00 00 00 00 00 00
15:16:06.695 -> 00 00 00 00 00 00 00 00 00 00 00 00 00 00 00 00
15:16:06.716 -> 00 00 00 00 00 00 00 00 00 00 00 00 00 00 00 00
15:16:06.716 -> 00 00 00 00 00 00 00 00 00 00 00 00 00 00 00 00
15:16:06.738 -> 00 00 00 00 00 00 00 00 00 00 00 00 00 00 00 00
15:16:06.738 -> 00 00 00 00 00 00 00 00 00 00 00 00 00 00 00 00
15:16:06.738 -> 00 00 00 00 00 00 00 00 00 00 00 00 00 00 00 00
15:16:06.771 -> 00 00 00 00 00 00 00 00 00 00 00 00 00 00 00 00
15:16:06.771 -> 00 00 00 00 00 00 00 00 00 00 00 00 00 00 00 00
15:16:06.771 -> 00 00 00 00 00 00 00 00 00 00 00 00 00 00 00 00
15:16:06.771 -> 00 00 00 00 00 00 00 00 00 00 00 00 00 00 00 00
15:16:06.805 -> 11 AA 11 1A 11 11 11 12 11 13 11 14 11 15 11 16
15:16:06.805 -> 11 17 11 18 11 2A 11 21 11 22 11 23 11 3A 11 31
15:16:06.805 -> 11 32 11 33 11 36 11 37 11 38 11 4A 11 5A 11 51
15:16:06.805 -> 11 52 11 53 11 54 11 55 11 56 11 57 11 58 11 59
15:16:06.805 -> 11 61 13 AA 13 A1 13 A2 13 A5 13 A6 13 A9 13 2A
15:16:06.838 -> 13 21 13 23 13 5A 13 51 13 54 13 7A 13 71 13 72
15:16:06.838 -> 13 73 13 82 13 83 14 AA 14 A1 14 A2 14 A3 14 A4
15:16:06.838 -> 14 A7 14 1A 14 41 15 7A 15 72 15 73 15 74 16 A1
15:16:06.838 -> 16 A2 16 25 16 54 00 00 00 00 00 00 00 00 00 00
15:16:06.871 -> 00 00 00 00 00 00 00 00 00 00 00 00 00 00 00 00
15:16:06.871 -> 00 00 00 00 00 00 00 00 00 00 00 00 00 00 00 00
15:16:06.871 -> 00 00 00 00 00 00 00 00 00 00 00 00 00 00 14 A7
15:16:06.871 -> 14 A1 11 3A 11 1A 15 73 13 83 13 AA 13 21 13 A2
15:16:06.904 -> 13 A1 13 73 16 25 13 83 13 51 13 A5 16 A2 11 2A
15:16:06.904 -> 11 AA 11 1A 34 A4 34 A4 15 7A 34 AA 11 21 16 54
15:16:06.904 -> 00 00 00 00 14 1A 13 A6 00 00 00 00 00 00 00 00
15:16:06.904 -> 00 00 00 00 00 00 00 00 00 00 00 00 00 00 00 00
15:16:06.904 -> 00 00 00 00 00 00 00 00 00 00 00 00 00 00 00 00
15:16:06.937 -> 00 00 00 00 00 00 00 00 00 00 00 00 00 00 00 00
15:16:06.937 -> 00 00 00 00 00 00 00 00 00 00 00 00 00 00 00 00
15:16:06.937 -> 00 00 00 00 00 00 00 00 00 00 00 00 00 00 00 00
15:16:06.970 -> 00 00 00 00 00 00 00 00 00 00 00 00 00 00 00 00
15:16:06.970 -> 00 00 00 00 00 00 00 00 00 00 00 00 00 00 00 00
15:16:06.970 -> 00 00 00 00 00 00 00 00 00 00 00 00 00 00 00 00
15:16:06.970 -> 00 00 00 00 00 00 00 00 00 00 00 00 00 00 00 00
15:16:06.970 -> 00 00 00 00 00 00 00 00 00 00 00 00 00 00 00 00
15:16:07.003 -> 00 00 00 00 00 00 00 00 00 00 00 00 00 00 00 00
15:16:07.003 -> 00 00 00 00 00 00 00 00 00 00 00 00 00 00 00 00
15:16:07.003 -> 00 00 00 00 00 00 00 00 00 00 00 00 00 00 00 00
15:16:07.003 -> 00 00 00 00 00 00 00 00 00 00 00 00 00 00 00 00
15:16:07.036 -> 00 00 00 00 00 00 00 00 00 00 00 00 00 00 00 00
15:16:07.036 -> 00 00 00 00 00 00 00 00 00 00 00 00 00 00 00 00
15:16:07.036 -> 00 00 00 00 00 00 00 00 00 00 00 00 00 00 00 00
15:16:07.036 -> 00 00 00 00 00 00 00 00 00 00 00 00 00 00 00 00
15:16:07.070 -> 00 00 00 00 00 00 00 00 00 00 00 00 00 00 00 00
15:16:07.070 -> 00 00 00 00 00 00 00 00 00 00 00 00 00 00 00 00
15:16:07.070 -> 00 00 00 00 00 00 00 00 00 00 00 00 00 00 00 00
15:16:07.070 -> 00 00 00 00 00 00 00 00 00 00 00 00 00 00 00 00
15:16:07.070 -> 00 00 00 00 00 00 00 00 00 00 00 00 00 00 00 00
15:16:07.103 -> 00 00 00 00 00 00 00 00 00 00 00 00 00 00 00 00
15:16:07.103 -> 00 00 00 00 00 00 00 00 00 00 00 00 00 00 00 00
15:16:07.103 -> 00 00 00 00 00 00 00 00 00 00 00 00 00 00 00 00
15:16:07.136 -> 00 00 00 00 00 00 00 00 00 00 00 00 00 00 00 00
15:16:07.136 -> 00 00 00 00 00 00 00 00 00 00 00 00 00 00 00 00
15:16:07.136 -> 00 00 00 00 00 00 00 00 00 00 00 00 00 00 00 00
15:16:07.136 -> 00 00 00 00 00 00 00 00 00 00 00 00 00 00 00 00
15:16:07.136 -> 00 00 00 00 00 00 00 00 00 00 00 00 00 00 00 00
15:16:07.169 -> 00 00 00 00 00 00 00 00 00 00 00 00 00 00 00 00
15:16:07.169 -> 00 00 00 00 00 00 00 00 00 00 00 00 00 00 00 00
15:16:07.169 -> 00 00 00 00 00 00 00 00 00 00 00 00 00 00 00 00
15:16:07.169 -> 00 00 00 00 00 00 00 00 00 00 00 00 00 00 00 00
15:16:07.202 -> 00 00 00 00 00 00 00 00 00 00 00 00 00 00 90 90
15:16:07.202 -> 90 90 00 00 00 00 00 00 00 00 00 00 00 00 00 00
15:16:07.202 -> 00 00 00 00 00 00 00 00 00 00 00 00 00 00 00 00
15:16:07.202 -> 00 00 00 00 00 00 00 00 00 00 00 00 00 00 00 00
15:16:07.246 -> 00 00 00 00 00 00 00 00 00 00 00 00 00 00 00 00
15:16:07.246 -> 00 00 00 00 00 00 00 00 00 00 00 00 00 00 00 00
15:16:07.246 -> 00 00 00 00 00 00 00 00 00 00 00 00 00 00 00 00
15:16:07.246 -> 00 00 00 00 00 00 00 00 00 00 00 00 00 00 00 00
15:16:07.246 -> 00 00 00 00 00 00 00 00 00 00 00 00 00 00 00 00
15:16:07.246 -> 00 00 00 00 00 00 00 00 00 00 00 00 00 00 00 00
15:16:07.283 -> 00 00 00 00 00 00 00 00 00 00 00 00 00 00 00 00
15:16:07.283 -> 00 00 00 00 00 00 00 00 00 00 00 00 00 00 00 00
15:16:07.283 -> 00 00 00 00 00 00 00 00 00 00 00 00 00 00 00 00
15:16:07.283 -> 00 00 00 00 00 00 00 00 00 00 00 00 00 00 00 00
15:16:07.283 -> 00 00 00 00 00 00 00 00 00 00 00 00 00 00 00 00
15:16:07.302 -> 00 00 00 00 00 00 00 00 00 00 00 00 00 00 00 00
15:16:07.302 -> 00 00 00 00 00 00 00 00 00 00 00 00 00 00 05 02
15:16:07.335 -> 05 02 00 00 00 00 00 00 00 00 00 00 00 00 00 00
15:16:07.335 -> 00 00 00 00 00 00 00 00 00 00 00 00 00 00 00 00
15:16:07.335 -> 00 00 00 00 00 00 00 00 00 00 00 00 00 00 00 00
15:16:07.335 -> 00 00 00 00 00 00 00 00 00 00 00 00 00 00 00 00
15:16:07.335 -> 00 00 00 00 00 00 00 00 00 00 00 00 00 00 00 00
15:16:07.368 -> 00 00 00 00 00 00 00 00 00 00 00 00 00 00 00 00
15:16:07.368 -> 00 00 00 00 00 00 00 00 00 00 00 00 00 00 00 00
15:16:07.368 -> 00 00 00 00 00 00 00 00 00 00 00 00 00 00 00 00
15:16:07.404 -> 00 00 00 00 00 00 00 00 00 00 00 00 00 00 00 00
15:16:07.404 -> 00 00 00 00 00 00 00 00 00 00 00 00 00 00 00 00
15:16:07.404 -> 00 00 00 00 00 00 00 00 00 00 00 00 00 00 00 00
15:16:07.404 -> 00 00 00 00 00 00 00 00 00 00 00 00 00 00 00 00